50
9
0.91 0.81 0.16 0.37 0.09 0.65 0.88 0.34 0.97
0.63 0.59 0.82 0.28 0.57 0.51 0.71 0.29 0.74
10
0.94 0.48 0.53 0.38 0.13 0.81 0.40 0.25 0.82 0.60
0.66 0.42 0.90 0.69 0.65 0.05 0.14 0.39 0.26 0.84
10
0.72 0.40 0.94 0.99 0.08 0.32 0.07 0.61 0.89 0.86
0.64 0.18 0.17 0.26 0.74 0.21 0.04 0.43 0.25 0.24
7
0.60 0.03 0.49 0.33 0.51 0.30 0.10
0.97 0.98 0.83 0.78 0.75 0.68 0.94
10
0.029 0.578 0.206 0.745 0.137 0.118 0.157 0.618 0.471 0.882
0.333 0.696 0.049 0.824 0.539 0.382 0.147 0.961 0.422 0.686
6
0.36 0.69 0.78 0.56 0.39 0.64
0.34 0.33 0.72 0.91 0.17 0.19
10
0.043 0.164 0.034 0.069 0.190 0.379 0.345 0.310 0.388 0.259
0.491 0.802 0.552 0.569 0.957 0.776 0.647 0.612 0.991 0.526
9
0.13 0.17 0.38 0.25 0.41 0.42 0.34 0.04 0.32
0.89 0.58 0.49 0.80 0.62 0.87 0.64 0.57 0.82
6
0.07 0.03 0.30 0.27 0.20 0.23
0.43 0.50 0.40 0.70 0.60 0.93
2
0.95 0.86
0.71 0.19
10
0.28 0.51 0.25 0.13 0.49 0.42 0.26 0.38 0.21 0.30
0.66 0.83 0.98 0.55 0.81 0.70 0.79 0.57 0.58 0.60
9
0.94 0.65 0.10 0.97 0.52 0.48 0.39 0.29 0.42
0.61 0.19 0.74 0.06 0.71 0.16 0.68 0.13 0.35
10
0.08 0.36 0.22 0.39 0.05 0.31 0.86 0.49 0.29 0.15
0.47 0.80 0.92 0.64 0.78 0.66 0.58 0.25 0.59 0.20
10
0.330 0.650 0.913 0.417 0.981 0.010 0.680 0.544 0.485 0.592
0.282 0.835 0.388 0.039 0.903 0.699 0.447 0.971 0.252 0.553
10
0.78 0.61 0.97 0.94 0.58 0.88 0.87 0.90 0.82 0.91
0.23 0.13 0.57 0.08 0.18 0.14 0.26 0.51 0.03 0.06
1
0.3
0.7
3
0.86 0.67 0.05
0.71 0.10 0.33
2
0.25 0.38
0.19 0.12
9
0.25 0.09 0.36 0.19 0.32 0.30 0.42 0.06 0.43
0.83 0.77 0.92 0.51 0.60 0.98 0.58 0.45 0.72
9
0.59 0.30 0.39 0.90 0.62 0.71 0.23 0.46 0.65
0.36 0.94 0.80 0.84 0.16 0.45 0.86 0.20 0.03
7
0.45 0.55 0.77 0.64 0.52 0.28 0.97
0.36 0.58 0.23 0.95 0.98 0.73 0.02
10
0.36 0.19 0.89 0.92 0.58 0.30 0.55 0.28 0.79 0.09
0.26 0.70 0.08 0.75 0.04 0.77 0.68 0.94 0.47 0.98
2
0.4 0.2
0.8 0.6
10
0.86 0.83 0.24 0.19 0.80 0.73 0.81 0.44 0.68 0.40
0.06 0.77 0.51 0.09 0.08 0.79 0.27 0.62 0.76 0.94
5
0.04 0.53 0.16 0.02 0.12
0.30 0.32 0.44 0.07 0.84
10
0.456 0.981 0.592 0.146 0.883 0.932 0.631 0.184 0.398 0.078
0.097 0.961 0.262 0.893 0.058 0.126 0.553 0.388 0.738 0.835
4
0.82 0.32 0.73 0.14
0.86 0.41 0.50 0.91
4
0.92 0.69 0.62 0.85
0.54 0.31 0.38 0.46
10
0.48 0.42 0.81 0.12 0.31 0.60 0.40 0.35 0.73 0.25
0.33 0.54 0.62 0.50 0.04 0.92 0.88 0.02 0.46 0.06
10
0.408 0.087 0.068 0.029 0.126 0.485 0.175 0.019 0.388 0.058
0.777 0.660 0.573 0.961 0.728 0.893 0.524 0.670 0.495 0.903
7
0.77 0.23 0.43 0.37 0.10 0.93 0.30
0.67 0.80 0.20 0.73 0.13 0.90 0.60
7
0.17 0.10 0.41 0.48 0.34 0.76 0.97
0.83 0.69 0.86 0.45 0.93 0.66 0.72
10
0.30 0.03 0.62 0.54 0.59 0.89 0.97 0.76 0.32 0.78
0.11 0.81 0.86 0.05 0.84 0.43 0.41 0.38 0.95 0.22
7
0.27 0.39 0.17 0.37 0.07 0.78 0.98
0.85 0.66 0.51 0.93 0.76 0.49 0.24
5
0.35 0.02 0.04 0.11 0.07
0.91 0.67 0.89 0.83 0.39
10
0.20 0.17 0.38 0.09 0.25 0.05 0.39 0.33 0.23 0.11
0.81 0.78 0.88 0.95 0.77 0.73 0.62 0.89 0.66 0.42
10
0.86 0.55 0.61 0.39 0.14 0.80 0.25 0.89 0.27 0.50
0.30 0.52 0.05 0.43 0.11 0.45 0.64 0.59 0.09 0.23
8
0.70 0.90 0.75 0.28 0.42 0.97 0.22 0.17
0.25 0.73 0.48 0.80 0.72 0.77 0.02 0.65
8
0.10 0.97 0.39 0.18 0.60 0.62 0.98 0.19
0.94 0.22 0.91 0.75 0.55 0.48 0.52 0.63
2
0.75 0.15
0.40 0.50
10
0.73 0.29 0.61 0.59 0.55 0.45 0.02 0.92 0.27 0.71
0.51 0.96 0.04 0.24 0.57 0.90 0.16 0.06 0.88 0.10
10
0.881 0.569 0.771 0.972 0.706 0.578 0.725 0.734 0.954 0.670
0.037 0.349 0.321 0.083 0.202 0.468 0.055 0.284 0.147 0.110
10
0.07 0.39 0.81 0.77 0.95 0.02 0.60 0.58 0.89 0.79
0.49 0.44 0.23 0.88 0.42 0.28 0.51 0.65 0.32 0.26
10
0.83 0.62 0.87 0.67 0.92 0.75 0.96 0.79 0.58 0.71
0.46 0.17 0.29 0.25 0.38 0.33 0.50 0.12 0.42 0.54
8
0.20 0.88 0.28 0.04 0.62 0.60 0.50 0.70
0.98 0.52 0.64 0.92 0.34 0.16 0.10 0.06
10
0.30 0.69 0.42 0.31 0.24 0.62 0.77 0.64 0.99 0.48
0.05 0.43 0.53 0.08 0.44 0.50 0.72 0.90 0.65 0.49
10
0.27 0.41 0.23 0.08 0.22 0.05 0.45 0.28 0.31 0.18
0.50 0.76 0.53 0.54 0.94 0.46 0.92 0.82 0.62 0.72
10
0.04 0.92 0.88 0.44 0.48 0.36 0.96 0.24 0.56 0.28
0.72 0.32 0.52 0.68 0.40 0.64 0.60 0.08 0.84 0.16
2
0.67 0.87
0.40 0.53
10
0.22 0.13 0.04 0.11 0.19 0.05 0.12 0.37 0.01 0.15
0.89 0.48 0.72 0.91 0.83 0.43 0.99 0.49 0.80 0.88
